\begin{table}[ht]
  \caption{Parameters for ELM tuned by PSO}
  \centering
  \begin{tabular}{rr}
    \hline\hline
    Parameter & Value\\ 
    Number of neurons & 64\ 
    Range of search space & [-1, 1]\ 
    \hline
  \end{tabular}
  \label{tbl:ELM tuned by PSO_test}
\end{table}
\begin{figure}
  \centering
  \includegraphics[width=7cm]{figs\Figure_ELM tuned by PSO_trainSet.eps}
  \caption{Numerical solution obtained via ELM tuned by PSOfor training set}\label{fig:ELM tuned by PSO_trainSet}
\end{figure}
\begin{figure}
  \centering
  \includegraphics[width=7cm]{figs\Figure_ELM tuned by PSO_testSet.eps}
  \caption{Numerical solution obtained via ELM tuned by PSOfor test set}\label{fig:ELM tuned by PSO_testSet}
\end{figure}
\begin{table}[ht]
  \caption{The numerical solution of SIR epidemic model via ELM tuned by PSO for test set}
  \centering
  \begin{tabular}{rccccccc}
    $k$ & $x_{k}$ & $S(k)$ & $I(k)$ & $R(k)$ & $E_S$ & $E_I$ & $E_R$\\
    \hline\hline
      1 & 121 &        0.585 &     0.025 & 3.905e-01 & 1.752e-10 & 1.865e-10 &  3.617e-10 \\ 
      2 & 122 &        0.575 &     0.025 & 3.998e-01 & 1.870e-10 & 1.863e-10 &  3.733e-10 \\ 
      3 & 123 &        0.598 &     0.026 & 3.764e-01 & 1.587e-10 & 1.854e-10 &  3.441e-10 \\ 
      4 & 124 &        0.611 &     0.027 & 3.611e-01 & 1.421e-10 & 1.830e-10 &  3.251e-10 \\ 
      5 & 125 &        0.626 &     0.026 & 3.482e-01 & 1.237e-10 & 1.853e-10 &  3.089e-10 \\ 
      6 & 126 &        0.637 &     0.023 & 3.400e-01 & 1.108e-10 & 1.879e-10 &  2.988e-10 \\ 
      7 & 127 &        0.656 &     0.023 & 3.204e-01 & 8.638e-11 & 1.880e-10 &  2.744e-10 \\ 
      8 & 128 &        0.647 &     0.023 & 3.302e-01 & 9.751e-11 & 1.890e-10 &  2.865e-10 \\ 
      9 & 129 &        0.620 &     0.022 & 3.581e-01 & 1.310e-10 & 1.903e-10 &  3.213e-10 \\ 
     10 & 130 &        0.644 &     0.021 & 3.342e-01 & 1.010e-10 & 1.906e-10 &  2.916e-10 \\ 
     11 & 131 &        0.635 &     0.023 & 3.426e-01 & 1.132e-10 & 1.888e-10 &  3.020e-10 \\ 
     12 & 132 &        0.609 &     0.024 & 3.667e-01 & 1.453e-10 & 1.868e-10 &  3.320e-10 \\ 
     13 & 133 &        0.619 &     0.025 & 3.558e-01 & 1.325e-10 & 1.860e-10 &  3.185e-10 \\ 
     14 & 134 &        0.592 &     0.024 & 3.840e-01 & 1.661e-10 & 1.875e-10 &  3.536e-10 \\ 
     15 & 135 &        0.582 &     0.024 & 3.942e-01 & 1.791e-10 & 1.872e-10 &  3.663e-10 \\ 
     16 & 136 &        0.594 &     0.026 & 3.808e-01 & 1.643e-10 & 1.852e-10 &  3.495e-10 \\ 
     17 & 137 &        0.601 &     0.028 & 3.710e-01 & 1.556e-10 & 1.817e-10 &  3.373e-10 \\ 
     18 & 138 &        0.608 &     0.031 & 3.620e-01 & 1.470e-10 & 1.791e-10 &  3.261e-10 \\ 
     19 & 139 &        0.554 &     0.027 & 4.187e-01 & 2.134e-10 & 1.834e-10 &  3.967e-10 \\ 
     20 & 140 &        0.519 &     0.024 & 4.570e-01 & 2.570e-10 & 1.874e-10 &  4.445e-10 \\ 
     21 & 141 &        0.519 &     0.023 & 4.579e-01 & 2.573e-10 & 1.883e-10 &  4.456e-10 \\ 
     22 & 142 &        0.515 &     0.024 & 4.608e-01 & 2.617e-10 & 1.874e-10 &  4.491e-10 \\ 
     23 & 143 &        0.515 &     0.024 & 4.613e-01 & 2.623e-10 & 1.875e-10 &  4.498e-10 \\ 
     24 & 144 &        0.532 &     0.025 & 4.431e-01 & 2.415e-10 & 1.857e-10 &  4.272e-10 \\ 
     25 & 145 &        0.543 &     0.030 & 4.268e-01 & 2.273e-10 & 1.796e-10 &  4.068e-10 \\ 
     26 & 146 &        0.516 &     0.027 & 4.576e-01 & 2.614e-10 & 1.838e-10 &  4.452e-10 \\ 
     27 & 147 &        0.511 &     0.024 & 4.651e-01 & 2.676e-10 & 1.870e-10 &  4.546e-10 \\ 
     28 & 148 &        0.529 &     0.025 & 4.458e-01 & 2.446e-10 & 1.860e-10 &  4.306e-10 \\ 
     29 & 149 &        0.444 &     0.025 & 5.311e-01 & 3.511e-10 & 1.856e-10 &  5.367e-10 \\ 
     30 & 150 &        0.439 &     0.027 & 5.339e-01 & 3.572e-10 & 1.830e-10 &  5.403e-10 \\ 
    \hline
     \multicolumn{6}{l}{\textbf{Mean Squared Error for S :} 4.142e-20}\\ 
     \multicolumn{6}{l}{\textbf{Mean Squared Error for I:} 3.459e-20}\\ 
     \multicolumn{6}{l}{\textbf{Mean Squared Error for R:} 1.468e-19}\\ 
  \end{tabular}
  \label{tbl:ELM tuned by PSO_test}
\end{table}
